0.932795 0.915048
0.931055 0.309315
0.017016 0.462172
0.232721 0.960360
0.649202 0.218495
0.554512 0.132788
0.503190 0.938009
0.167270 0.151815
0.801406 0.584830
0.086518 0.107888
0.590058 0.150211
0.346897 0.656983
0.471769 0.568486
0.938708 0.355097
0.960124 0.015802
0.850820 0.438216
0.031716 0.544406
0.403436 0.081112
0.768657 0.830501
0.199728 0.946660
0.208184 0.795069
0.577113 0.271898
0.645831 0.994817
0.396945 0.827920
0.674791 0.974288
0.375647 0.837717
0.186492 0.220428
0.930841 0.339449
0.406002 0.967302
0.692760 0.542145
0.790804 0.861377
0.414261 0.436708
0.282583 0.416713
0.001984 0.297123
0.969071 0.264621
0.786764 0.735114
0.686614 0.433772
0.953084 0.656065
0.474014 0.284448
0.255446 0.804815
0.074343 0.264570
0.763725 0.587054
0.873779 0.355321
0.400131 0.505316
0.765177 0.930656
0.457134 0.858165
0.428965 0.767647
0.118712 0.317001
0.435065 0.113601
0.246565 0.616935
0.386950 0.041032
0.338419 0.876568
0.052577 0.803069
0.617319 0.996019
0.056789 0.539532
0.668804 0.173411
0.245956 0.477887
0.907132 0.827065
0.277979 0.723446
0.422214 0.113991
0.339412 0.839685
0.435684 0.794830
0.146365 0.682172
0.677537 0.411211
0.546952 0.368610
0.484027 0.613577
0.110459 0.842659
0.313011 0.005837
0.062021 0.220648
0.674714 0.057780
0.801479 0.997997
0.183858 0.477001
0.031244 0.236105
0.553394 0.929173
0.210352 0.050658
0.870546 0.148798
0.650532 0.078753
0.422676 0.292162
0.075006 0.114936
0.673443 0.850025
0.871856 0.775188
0.729026 0.559649
0.591189 0.873102
0.779656 0.534095
0.458949 0.173923
0.553487 0.261285
0.810129 0.329826
0.777825 0.216141
0.380239 0.093761
0.007000 0.576191
0.336303 0.359371
0.946669 0.934354
0.777267 0.180953
0.581111 0.962171
0.188587 0.690112
0.993049 0.692588
0.996904 0.744707
0.754841 0.463460
0.938094 0.220903
0.165336 0.591253
